==========Random==========
N       Radix1  Radix2  Radix3  Radix4
100000  0.072   0.057   0.064   0.188
150000  0.08    0.065   0.072   0.194
200000  0.116   0.09    0.082   0.246
250000  0.146   0.115   0.099   0.254
300000  0.163   0.139   0.13    0.286
==========Dec==========
N       Radix1  Radix2  Radix3  Radix4
100000  0.048   0.048   0.048   0.189
150000  0.082   0.072   0.058   0.172
200000  0.088   0.073   0.065   0.161
250000  0.081   0.096   0.064   0.156
300000  0.106   0.089   0.081   0.188
==========Inc==========
N       Radix1  Radix2  Radix3  Radix4
100000  0.032   0.032   0.032   0.089
150000  0.056   0.048   0.048   0.113
200000  0.063   0.056   0.056   0.13
250000  0.089   0.072   0.065   0.153
300000  0.106   0.081   0.074   0.204
==========Same==========
N       Radix1  Radix2  Radix3  Radix4
100000  0.04    0.024   0.032   0.104
150000  0.048   0.04    0.04    0.113
200000  0.073   0.057   0.056   0.137
250000  0.089   0.067   0.064   0.156
300000  0.097   0.114   0.073   0.179