==========Random==========
N       Radix1  Radix2  Radix3  Radix4  Radix5  Radix6
100000  0.04    0.024   0.016   0.008   0.016   0.032
150000  0.056   0.024   0.024   0.016   0.016   0.032
200000  0.072   0.04    0.033   0.024   0.016   0.041
250000  0.083   0.051   0.041   0.033   0.033   0.049
300000  0.104   0.057   0.04    0.048   0.041   0.05
350000  0.123   0.057   0.04    0.024   0.025   0.041
400000  0.105   0.049   0.04    0.032   0.024   0.049
450000  0.099   0.067   0.048   0.025   0.025   0.049
500000  0.1     0.058   0.041   0.033   0.033   0.049
550000  0.122   0.058   0.057   0.041   0.033   0.05
600000  0.125   0.082   0.057   0.038   0.034   0.049
650000  0.148   0.081   0.058   0.049   0.049   0.046
700000  0.147   0.09    0.074   0.049   0.048   0.058
750000  0.162   0.098   0.073   0.05    0.05    0.065
800000  0.171   0.099   0.089   0.066   0.058   0.057
850000  0.195   0.114   0.075   0.075   0.073   0.081
900000  0.195   0.131   0.082   0.065   0.065   0.075
950000  0.211   0.123   0.091   0.066   0.073   0.082
1000000 0.22    0.132   0.107   0.074   0.081   0.089
==========Dec==========
N       Radix1  Radix2  Radix3  Radix4  Radix5  Radix6
100000  0.024   0.016   0.008   0.008   0.008   0.016
150000  0.032   0.024   0.016   0.008   0.016   0.024
200000  0.049   0.064   0.024   0.016   0.016   0.024
250000  0.057   0.032   0.024   0.016   0.016   0.024
300000  0.064   0.033   0.024   0.024   0.024   0.033
350000  0.067   0.049   0.032   0.025   0.025   0.041
400000  0.082   0.049   0.034   0.032   0.025   0.048
450000  0.097   0.058   0.041   0.024   0.033   0.043
500000  0.106   0.058   0.041   0.033   0.033   0.041
550000  0.112   0.067   0.049   0.041   0.033   0.041
600000  0.131   0.075   0.064   0.034   0.041   0.05
650000  0.132   0.09    0.065   0.04    0.04    0.049
700000  0.14    0.106   0.065   0.05    0.042   0.058
750000  0.157   0.097   0.073   0.058   0.05    0.068
800000  0.179   0.099   0.107   0.059   0.056   0.066
850000  0.175   0.13    0.09    0.057   0.057   0.09
900000  0.196   0.122   0.084   0.067   0.074   0.074
950000  0.208   0.123   0.09    0.072   0.067   0.079
1000000 0.201   0.134   0.103   0.072   0.075   0.081
==========Inc==========
N       Radix1  Radix2  Radix3  Radix4  Radix5  Radix6
100000  0.021   0.013   0.01    0.008   0.009   0.021
150000  0.033   0.018   0.014   0.011   0.011   0.022
200000  0.044   0.024   0.018   0.012   0.014   0.022
250000  0.058   0.03    0.022   0.016   0.017   0.027
300000  0.064   0.035   0.028   0.017   0.019   0.028
350000  0.073   0.039   0.031   0.021   0.04    0.037
400000  0.083   0.048   0.036   0.034   0.032   0.036
450000  0.092   0.059   0.04    0.028   0.031   0.04
500000  0.102   0.069   0.047   0.036   0.033   0.042
550000  0.113   0.066   0.054   0.035   0.04    0.049
600000  0.143   0.071   0.055   0.04    0.051   0.049
650000  0.137   0.079   0.059   0.044   0.041   0.05
700000  0.141   0.09    0.067   0.041   0.05    0.058
750000  0.155   0.094   0.065   0.05    0.052   0.063
800000  0.167   0.095   0.071   0.056   0.068   0.064
850000  0.174   0.103   0.075   0.061   0.069   0.068
900000  0.186   0.115   0.089   0.063   0.065   0.08
950000  0.206   0.124   0.089   0.069   0.075   0.08
1000000 0.202   0.123   0.089   0.077   0.073   0.085
==========Same==========
N       Radix1  Radix2  Radix3  Radix4  Radix5  Radix6
100000  0.027   0.016   0.009   0.006   0.007   0.02
150000  0.034   0.019   0.015   0.008   0.008   0.031
200000  0.041   0.024   0.018   0.016   0.016   0.024
250000  0.049   0.032   0.024   0.016   0.024   0.024
300000  0.065   0.041   0.024   0.024   0.022   0.032
350000  0.076   0.04    0.025   0.024   0.025   0.034
400000  0.084   0.046   0.035   0.025   0.03    0.036
450000  0.096   0.054   0.04    0.03    0.028   0.046
500000  0.104   0.062   0.048   0.032   0.034   0.053
550000  0.114   0.073   0.05    0.036   0.036   0.07
600000  0.125   0.072   0.056   0.04    0.05    0.05
650000  0.132   0.08    0.065   0.041   0.049   0.058
700000  0.149   0.098   0.067   0.051   0.038   0.059
750000  0.161   0.107   0.066   0.058   0.05    0.064
800000  0.187   0.098   0.075   0.051   0.059   0.081
850000  0.18    0.108   0.074   0.058   0.058   0.075
900000  0.197   0.117   0.075   0.074   0.056   0.074
950000  0.203   0.115   0.083   0.066   0.073   0.081
1000000 0.2     0.132   0.091   0.074   0.065   0.084