==========Random==========
N       Radix   Heap
100000  0.035   0.091
150000  0.061   0.168
200000  0.081   0.152
250000  0.074   0.193
300000  0.119   0.238
350000  0.146   0.292
400000  0.117   0.35
450000  0.161   0.309
500000  0.134   0.353
550000  0.098   0.321
600000  0.107   0.363
650000  0.123   0.347
700000  0.13    0.385
750000  0.144   0.376
800000  0.145   0.438
850000  0.157   0.461
900000  0.155   0.492
950000  0.181   0.528
1000000 0.19    0.563
==========Dec==========
N       Radix   Heap
100000  0.015   0.043
150000  0.021   0.063
200000  0.032   0.086
250000  0.038   0.108
300000  0.042   0.141
350000  0.051   0.152
400000  0.057   0.174
450000  0.063   0.193
500000  0.067   0.251
550000  0.085   0.252
600000  0.106   0.295
650000  0.086   0.307
700000  0.091   0.314
750000  0.102   0.435
800000  0.106   0.365
850000  0.112   0.421
900000  0.122   0.415
950000  0.125   0.476
1000000 0.184   0.483
==========Inc==========
N       Radix   Heap
100000  0.021   0.045
150000  0.026   0.063
200000  0.03    0.083
250000  0.043   0.162
300000  0.061   0.128
350000  0.051   0.148
400000  0.057   0.171
450000  0.069   0.197
500000  0.065   0.21
550000  0.079   0.227
600000  0.088   0.278
650000  0.084   0.284
700000  0.092   0.316
750000  0.099   0.347
800000  0.107   0.37
850000  0.114   0.386
900000  0.122   0.415
950000  0.139   0.437
1000000 0.147   0.485
==========Same==========
N       Radix   Heap
100000  0.013   0.06
150000  0.023   0.072
200000  0.029   0.084
250000  0.036   0.105
300000  0.042   0.122
350000  0.047   0.194
400000  0.085   0.184
450000  0.061   0.19
500000  0.072   0.211
550000  0.072   0.243
600000  0.078   0.259
650000  0.089   0.28
700000  0.097   0.319
750000  0.098   0.341
800000  0.115   0.357
850000  0.122   0.378
900000  0.121   0.416
950000  0.127   0.452
1000000 0.138   0.493